2025-09-05, 150, 130, 5, 29.59, 95.0
2025-09-05, 150, 250, 16, 138.08, 95.0
2025-09-05, 300, 160, 9, 320.56, 95.0
2025-09-05, 185, 50, 14, 24.09, 80.0
2025-09-05, 185, 50, 14, 24.09, 80.0
2025-09-05, 185, 50, 14, 24.09, 80.0
2025-09-05, 190, 63, 15, 35.77, 95.0
2025-09-05, 185, 50, 14, 24.09, 80.0
2025-09-05, 150, 200, 15, 96.27, 95.0
2025-09-05, 150, 200, 15, 96.27, 95.0
2025-09-05, 150, 200, 15, 96.27, 95.0
2025-09-05, 150, 100, 20, 46.51, 95.0
2025-09-05, 150, 100, 20, 46.51, 95.0
2025-09-05, 200, 100, 50, 184.73, 95.0
2025-09-05, 200, 100, 20, 88.97, 95.0
2025-09-05, 170, 200, 19, 149.37
2025-09-05, 170.0, 45.0, 16.0, 19.73
